0 0.36953125 0.28828125 0.02734375 0.0390625
0 0.36875 0.50546875 0.01484375 0.04453125
0 0.396875 0.5265625 0.0453125 0.034375
0 0.44453125 0.5171875 0.0234375 0.05546875
0 0.4890625 0.40078125 0.021875 0.02421875
0 0.596875 0.403125 0.03359375 0.03515625
0 0.65 0.48359375 0.03359375 0.02734375
0 0.4046875 0.425 0.0234375 0.03046875
0 0.4109375 0.34375 0.0359375 0.02421875
0 0.6453125 0.2796875 0.02734375 0.0375
0 0.5390625 0.29609375 0.03203125 0.02890625
0 0.6859375 0.27578125 0.028125 0.03828125
0 0.7078125 0.3609375 0.01328125 0.02890625
0 0.353125 0.4046875 0.0140625 0.034375
0 0.37109375 0.4203125 0.01796875 0.025
0 0.6 0.475 0.0125 0.040625
0 0.709375 0.3984375 0.015625 0.02890625