0 0.475 0.5 0.0359375 0.03203125
0 0.553125 0.49609375 0.03984375 0.02734375
0 0.45703125 0.4625 0.02734375 0.02421875
0 0.40625 0.44609375 0.0265625 0.02421875
0 0.4234375 0.47109375 0.01640625 0.04921875
0 0.390625 0.46953125 0.028125 0.02265625
0 0.51484375 0.2921875 0.046875 0.02421875
0 0.4046875 0.36875 0.0375 0.028125
0 0.69375 0.278125 0.025 0.04140625
0 0.690625 0.48515625 0.02578125 0.04609375
0 0.7125 0.50390625 0.02734375 0.025
0 0.3609375 0.2984375 0.0234375 0.0328125
0 0.67578125 0.34609375 0.03671875 0.0328125
0 0.71328125 0.39921875 0.021875 0.05078125
0 0.3640625 0.45390625 0.01171875 0.03046875
0 0.3640625 0.378125 0.025 0.0375