0 0.359375 0.43515625 0.02734375 0.0515625
0 0.434375 0.38671875 0.0328125 0.0296875
0 0.42265625 0.43125 0.03984375 0.02578125
0 0.4578125 0.4546875 0.01328125 0.0484375
0 0.4671875 0.50859375 0.0125 0.02421875
0 0.5765625 0.49921875 0.02578125 0.03984375
0 0.5390625 0.30859375 0.028125 0.03359375
0 0.6234375 0.3078125 0.02109375 0.0375
0 0.40234375 0.30859375 0.0140625 0.028125
0 0.671875 0.28203125 0.03046875 0.0328125
0 0.66484375 0.3671875 0.02890625 0.03203125
0 0.7203125 0.36875 0.01953125 0.034375
0 0.70859375 0.32734375 0.01875 0.040625
0 0.646875 0.3265625 0.01015625 0.0328125
0 0.54453125 0.46328125 0.0140625 0.03046875
0 0.55546875 0.4515625 0.01015625 0.025
0 0.3578125 0.3265625 0.0203125 0.0609375