0 0.53828125 0.3078125 0.0203125 0.02421875
0 0.53828125 0.3921875 0.0296875 0.0453125
0 0.41015625 0.42421875 0.03359375 0.040625
0 0.35703125 0.4859375 0.0140625 0.03671875
0 0.63125 0.5171875 0.0375 0.040625
0 0.671875 0.5 0.0328125 0.03359375
0 0.68046875 0.3390625 0.02734375 0.04375
0 0.69921875 0.2796875 0.0265625 0.03984375
0 0.4 0.45703125 0.03046875 0.025
0 0.49375 0.50859375 0.01328125 0.02890625
0 0.428125 0.33828125 0.0265625 0.0171875
0 0.61484375 0.3171875 0.0328125 0.0265625
0 0.6203125 0.43203125 0.02734375 0.0328125
0 0.54296875 0.4875 0.01484375 0.03359375
0 0.5578125 0.4875 0.01171875 0.02734375
0 0.37421875 0.34375 0.0234375 0.040625
0 0.48125 0.4203125 0.0265625 0.03203125