0 0.35078125 0.35703125 0.0171875 0.03046875
0 0.37578125 0.41875 0.025 0.02421875
0 0.39453125 0.453125 0.028125 0.021875
0 0.4234375 0.46640625 0.03203125 0.021875
0 0.384375 0.3515625 0.02890625 0.0296875
0 0.45078125 0.37109375 0.040625 0.02265625
0 0.4375 0.49296875 0.02421875 0.02265625
0 0.49921875 0.5015625 0.02890625 0.028125
0 0.5375 0.49453125 0.021875 0.02421875
0 0.53203125 0.39296875 0.0140625 0.0375
0 0.553125 0.36484375 0.0109375 0.0234375
0 0.5984375 0.44609375 0.025 0.03125
0 0.584375 0.48671875 0.028125 0.02109375
0 0.5859375 0.3546875 0.01640625 0.034375
0 0.615625 0.3640625 0.0203125 0.034375
0 0.59765625 0.39921875 0.0171875 0.0203125
0 0.621875 0.46640625 0.0078125 0.034375
0 0.60859375 0.4765625 0.01796875 0.01796875
0 0.37578125 0.321875 0.00859375 0.03046875
0 0.45703125 0.31875 0.0125 0.02421875