0 0.56640625 0.3765625 0.03671875 0.04453125
0 0.615625 0.28515625 0.03515625 0.0453125
0 0.41328125 0.50234375 0.0203125 0.028125
0 0.43046875 0.4234375 0.0421875 0.03203125
0 0.4328125 0.4859375 0.02890625 0.03984375
0 0.66171875 0.51640625 0.04921875 0.0359375
0 0.40390625 0.334375 0.0296875 0.03125
0 0.540625 0.27890625 0.03125 0.040625
0 0.5109375 0.31015625 0.02734375 0.05703125
0 0.715625 0.4234375 0.0265625 0.0453125
0 0.7125 0.290625 0.02265625 0.0484375
0 0.34765625 0.4046875 0.0265625 0.04765625
0 0.67578125 0.3078125 0.02890625 0.0375