0 0.375 0.31875 0.009375 0.021875
0 0.4109375 0.3203125 0.02734375 0.02890625
0 0.37578125 0.403125 0.02265625 0.0234375
0 0.3625 0.43125 0.03046875 0.021875
0 0.34609375 0.496875 0.0109375 0.03046875
0 0.3828125 0.45 0.0234375 0.03046875
0 0.3859375 0.50625 0.0234375 0.0375
0 0.40625 0.4609375 0.0171875 0.04140625
0 0.425 0.49921875 0.01484375 0.02734375
0 0.4515625 0.4984375 0.02890625 0.0359375
0 0.47578125 0.5 0.01875 0.034375
0 0.47890625 0.459375 0.02734375 0.03046875
0 0.48828125 0.38203125 0.0296875 0.025
0 0.51171875 0.4359375 0.0234375 0.04296875
0 0.5984375 0.4765625 0.0234375 0.02265625
0 0.5484375 0.41328125 0.02890625 0.01875
0 0.52734375 0.35 0.028125 0.025
0 0.521875 0.3859375 0.021875 0.034375